fauteuil : (6, 1) (15, 1) (40, 1) (62, 1) (73, 1) (94, 1) (115, 1) (143, 1) (165, 1) (183, 1) (185, 1) (196, 1) (204, 1) (241, 1) (243, 1) (257, 1) (266, 1) (268, 1) (273, 1) (274, 1) (289, 1) (305, 1) (309, 1) (314, 1) (318, 1) (326, 1) (349, 1) (364, 1) (372, 1) (374, 1) (382, 1)
accroche/ : (79, 0)
abord : (221, 0) (235, 1)
acharner : (53, 0) (151, 0) (207, 0)
tenir : (43, 1) (45, 1) (71, 1) (98, 1) (181, 1) (233, 1)
bouquin : (7, 1) (11, 1) (14, 1) (35, 1) (44, 1) (67, 1) (86, 1) (87, 1) (88, 1) (90, 1) (105, 1) (122, 1) (216, 1) (234, 1) (239, 1) (244, 1) (258, 1) (262, 1) (263, 1) (276, 1) (280, 1) (283, 1) (286, 1) (292, 1) (304, 1) (312, 1) (335, 1) (373, 1)
enfuit : (60, 0) (101, 0) (174, 0) (191, 0) (295, 0)
jambes : 
auparavant : (206, 0)
e/cart : (54, 0) (61, 1) (203, 1) (213, 1) (328, 1)
donc : (84, 0)
re^veurs : (75, 0)
fiance/s : (238, 0) (401, 0)
empara : (27, 0) (219, 0) (358, 0)
trahi : 
de/rouler : 
agir : (152, 0) (325, 0)
pe/nible : 
clef : (69, 0)
passa : (390, 0)
pourtant : (198, 0) (252, 0) (255, 1) (271, 1) (343, 0) (344, 1) (345, 1) (383, 0)
cygnes : 
fis : (47, 1) (76, 0) (149, 1) (153, 1) (199, 1) (316, 1) (324, 1) (329, 1)
moindre : (51, 0) (68, 0) (136, 0) (201, 1) (205, 1)
loupe : (150, 0) (231, 1) (232, 1)
ne/anmoins : (24, 0) (113, 0) (131, 1) (175, 0) (194, 1) (211, 1) (222, 1) (356, 1) (378, 1)
effaces : (212, 0)
eclairs : (70, 0)
brouillee : (227, 0)
devoir : (137, 0) (215, 0) (301, 1) (350, 0) (377, 1)
crasseux : (2, 0) (3, 1) (12, 0) (13, 1) (33, 1) (39, 1) (91, 1) (92, 1) (93, 1) (159, 1) (163, 1) (164, 1) (168, 1) (187, 1) (240, 1) (246, 1) (284, 1) (287, 1) (288, 1) (308, 1) (330, 1) (337, 1) (362, 1) (368, 1)
tambourinement : (26, 1) (50, 1) (250, 1) (298, 1) (357, 1)
imprime/ : (8, 0) (16, 1) (21, 1) (31, 1) (56, 1) (66, 1) (102, 1) (107, 1) (138, 1) (155, 1) (166, 1) (167, 1) (237, 1) (249, 1) (253, 1) (290, 1) (291, 1) (307, 1) (361, 1) (386, 1)
procede : 
enfoui : (1, 1) (9, 1) (23, 1) (32, 1) (42, 1) (48, 1) (89, 1) (103, 1) (104, 1) (121, 1) (126, 1) (129, 1) (141, 1) (184, 1) (192, 1) (247, 1) (261, 1) (277, 1) (302, 1) (303, 1) (319, 1) (340, 1) (348, 1) (352, 1)
parchemin : (4, 1) (5, 1) (10, 1) (17, 1) (28, 1) (34, 1) (57, 1) (99, 1) (114, 1) (120, 1) (125, 1) (186, 1) (190, 1) (242, 1) (272, 1) (275, 1) (281, 1) (282, 1) (285, 1) (300, 1) (315, 1) (317, 1) (331, 1) (332, 1) (333, 1) (334, 1) (365, 1) (366, 1) (371, 1) (402, 1)
attira : (398, 0)
charmant : (74, 1)
seconde : (323, 1)
empe^cher : (78, 0)
verso : (55, 0) (228, 0) (229, 1) (363, 0)
manquer : (64, 0) (97, 0) (116, 0) (170, 0) (188, 1) (200, 1) (223, 1) (236, 1) (278, 1) (338, 1) (369, 1)
pre/voir : 
sache : (20, 1) (41, 1) (49, 1) (109, 0) (110, 1) (176, 1) (177, 1) (179, 1) (193, 1) (256, 1) (259, 1) (279, 1) (296, 1) (299, 1) (306, 1) (370, 1) (380, 1) (392, 1)
e/pele/e : (80, 0) (83, 1) (327, 1) (354, 1) (388, 1)
foi : (225, 0) (397, 1)
parait : 
arrachant : 
e/mu : 
soigneusement : (52, 1) (77, 1) (119, 1) (146, 1) (220, 1) (270, 1) (293, 1) (294, 1) (321, 1) (359, 1) (385, 1) (394, 1) (396, 1)
de/chiffre/ : (154, 0) (214, 1) (403, 1)
amenerent : (30, 0) (81, 0) (117, 0) (140, 0) (145, 0) (148, 1) (245, 0) (248, 0) (260, 1) (310, 0) (351, 0) (379, 1)
avouer : 
moisi : (18, 1) (36, 1) (37, 1) (96, 1) (100, 1) (123, 1) (124, 1) (127, 1) (130, 1) (142, 1) (210, 1) (265, 1) (267, 1) (311, 1) (336, 1) (339, 1) (367, 1)
caracte\re : (72, 1) (230, 1)
contenue : (29, 1) (58, 1) (347, 1) (384, 1) (400, 1)
pouce : (132, 0) (169, 0) (182, 0) (297, 0) (353, 0) (375, 1)
fache : (19, 0) (38, 1) (112, 1) (118, 1) (128, 1) (171, 1) (173, 1) (189, 1) (376, 1) (387, 1) (391, 1)
grincer : (82, 0) (158, 1) (209, 1)
encre : 
avidite/ : (95, 1) (135, 0) (172, 1) (195, 1) (251, 0) (264, 0) (269, 0) (342, 1) (399, 0)
impe/ratif : (147, 0) (180, 0) (197, 1) (218, 1) (355, 0)
macule : (59, 0) (144, 0) (224, 0)
selon : 
parut : (46, 0) (162, 0) (208, 0) (381, 1) (395, 0)
tandi : (161, 0) (226, 0)
capitale : 
retentit : (106, 0) (111, 1) (360, 0)
appartenir : (156, 0)
aise : 
grommelait : (22, 1) (133, 1) (157, 1) (178, 1) (254, 1) (313, 1) (320, 1) (341, 1) (393, 1)
traite/ : (217, 0) (389, 0)
pompeusement : 
brouiller : (85, 0)
cela : 
voix : (25, 1) (65, 1) (108, 1) (134, 1) (160, 1) (202, 1) (346, 1)
dicter : (63, 0) (139, 0) (322, 0)
suite : 
boulet : 
poing : 
plume : 
dispose : 
